1000
59 60 85
41 87 80
91 10 57
4 47 1
38 68 94
69 62 92
29 11 42
75 36 52
54 28 31
41 88 72
88 7 40
33 56 65
12 71 89
44 35 57
19 71 93
70 70 72
48 100 27
28 2 36
57 59 38
53 61 85
99 58 92
1 52 5
83 56 97
70 16 5
56 92 59
1 87 21
66 22 24
100 84 72
2 77 57
52 90 42
38 2 57
19 87 86
80 5 56
27 69 53
4 84 60
10 33 56
52 20 71
12 39 71
25 40 82
95 85 18
7 84 93
35 64 17
91 2 11
53 5 47
95 44 79
25 54 15
49 78 52
67 14 93
23 1 19
81 58 33
91 65 22
33 84 61
73 9 85
8 44 91
32 81 7
84 5 4
25 12 74
51 32 31
30 64 33
43 47 33
11 99 92
25 74 22
92 80 87
33 39 73
2 100 54
1 55 20
52 23 15
53 48 96
13 28 46
42 25 39
80 70 89
75 55 81
93 94 28
11 83 30
83 98 82
69 44 38
35 55 45
21 28 21
83 12 56
48 21 33
58 85 42
31 9 89
97 16 13
71 75 25
89 80 24
73 4 82
78 13 34
59 96 91
69 82 83
37 43 86
69 96 3
30 29 57
29 16 45
32 74 85
33 20 79
17 73 94
68 76 65
31 11 98
7 62 58
32 10 75
21 6 39
16 86 48
43 89 76
13 94 70
50 66 61
17 32 44
15 81 30
66 68 37
46 4 73
34 72 48
47 1 94
96 95 29
6 90 18
33 61 4
95 85 81
57 26 71
20 56 46
6 53 79
48 86 21
85 2 99
100 1 1
43 81 99
47 12 95
1 28 70
100 68 14
77 23 24
73 94 6
10 22 75
4 1 83
96 31 25
17 2 33
94 13 95
57 66 7
21 60 67
52 69 42
60 24 94
7 84 22
21 81 30
82 89 7
28 53 36
68 6 13
78 84 95
19 23 85
84 63 8
36 41 40
98 87 25
67 3 26
4 62 87
84 90 42
34 78 21
4 42 74
41 97 68
4 87 25
13 42 34
100 64 45
93 5 46
38 92 85
97 44 64
51 76 26
62 44 84
80 74 70
19 57 99
16 74 2
14 72 37
75 79 54
58 99 46
35 9 73
50 91 58
0 44 99
100 9 27
96 33 27
8 59 6
83 45 78
15 74 4
36 87 6
57 38 52
100 90 10
38 4 40
75 69 6
28 75 45
28 100 1
57 92 78
41 67 73
96 100 18
16 20 69
5 98 52
24 29 11
90 47 68
28 1 34
41 35 64
34 16 89
71 8 8
100 91 42
51 26 61
5 66 37
5 5 86
82 87 30
47 66 68
45 24 7
37 26 33
86 98 75
41 5 75
92 67 54
10 34 81
52 71 98
61 18 70
52 68 7
2 35 88
82 2 69
6 68 91
98 4 46
59 8 29
91 83 54
38 18 74
45 94 28
81 14 29
46 71 15
91 63 31
13 9 61
42 58 87
72 45 65
20 46 63
30 60 84
99 35 58
34 5 87
33 60 68
5 95 26
30 17 52
70 57 74
18 66 28
67 45 63
73 44 1
49 73 97
77 97 48
13 64 55
95 88 7
34 68 35
41 9 44
9 70 2
17 63 22
57 61 15
57 85 91
72 98 89
88 45 37
59 30 79
34 74 94
82 32 14
74 98 45
30 83 16
68 31 60
87 37 94
87 15 84
93 62 88
94 41 86
52 27 3
70 67 75
9 100 8
45 83 96
55 82 52
38 8 35
47 52 75
29 25 59
82 35 76
94 24 53
95 52 21
47 39 84
51 39 32
34 85 73
52 72 19
30 86 56
44 68 69
74 35 91
47 2 34
8 78 93
76 70 22
73 91 41
6 54 76
81 79 13
16 81 80
91 24 30
27 63 72
46 83 61
2 76 15
86 92 88
51 16 83
0 30 70
21 26 87
42 67 14
91 63 85
84 90 1
85 74 65
25 61 69
0 2 42
4 17 11
89 42 1
71 52 15
85 85 34
40 9 35
17 24 45
87 63 13
90 16 86
72 84 72
97 10 17
94 11 37
67 54 42
99 3 95
55 32 37
21 80 63
82 97 70
37 33 85
73 100 14
39 5 38
61 6 25
69 39 59
31 32 20
50 22 86
9 77 77
2 21 41
67 19 16
3 31 48
86 75 33
1 45 6
37 77 96
51 46 69
35 71 80
49 47 74
32 67 10
12 65 66
15 14 85
100 97 2
34 92 69
59 43 87
18 22 25
23 60 91
97 88 98
79 70 92
81 64 71
97 37 34
90 78 19
14 78 60
77 89 75
48 16 37
75 91 13
20 60 5
43 44 59
28 89 30
82 19 81
35 99 22
34 99 40
75 63 74
49 79 11
78 21 43
34 59 57
25 2 9
4 11 83
59 22 76
11 73 54
54 18 72
74 92 31
94 53 82
50 42 68
62 57 13
75 53 41
10 72 100
47 32 85
7 55 65
37 87 8
12 24 3
67 53 15
28 74 83
56 80 4
40 32 40
35 55 63
62 46 8
100 6 94
11 69 57
58 12 24
11 78 3
59 83 100
49 18 95
46 13 17
32 98 7
36 54 38
75 97 59
63 97 5
85 85 71
47 25 9
39 39 55
70 35 40
36 64 15
82 47 30
100 98 41
82 42 37
38 18 100
58 91 89
38 20 36
36 93 63
56 82 23
83 89 31
37 21 1
81 53 85
61 65 100
74 3 72
1 69 27
38 4 1
87 70 20
48 39 20
59 98 12
97 14 17
29 37 5
28 58 46
100 18 7
14 63 94
53 22 1
72 21 28
12 98 95
59 72 79
56 35 42
88 98 54
85 67 94
82 86 16
67 95 83
24 8 15
19 25 7
17 69 21
29 36 86
75 83 75
36 32 85
34 67 6
87 63 16
19 8 1
30 25 5
30 61 23
45 62 57
30 9 85
9 67 98
37 92 57
83 27 46
4 64 60
22 34 52
73 81 29
98 31 67
28 96 15
99 70 27
17 17 24
3 98 22
80 32 67
3 89 85
78 3 72
28 62 38
92 31 9
58 27 76
2 47 93
28 12 87
19 32 19
7 13 7
76 78 55
93 40 71
46 54 18
78 100 69
16 88 96
97 82 93
8 58 1
55 12 25
13 63 44
37 17 62
1 13 64
15 12 1
33 29 79
52 71 59
93 68 55
47 66 45
91 77 63
67 43 20
8 61 3
89 8 11
57 28 81
1 23 28
87 37 39
25 23 43
11 72 92
80 33 25
74 9 58
65 91 93
96 44 13
60 86 100
34 44 91
90 76 61
36 4 21
70 72 24
50 96 59
47 88 70
87 20 40
29 81 85
10 28 72
22 4 96
9 78 90
74 73 98
36 98 27
20 73 91
62 59 95
68 82 88
48 100 7
80 53 38
15 100 82
78 71 68
56 87 92
13 47 81
52 33 14
50 22 39
3 19 75
8 7 32
5 77 17
59 75 32
5 47 66
100 26 16
61 53 3
91 9 77
25 69 7
22 84 76
11 60 98
61 63 52
76 27 10
72 96 80
77 28 9
35 22 38
19 54 59
38 13 28
39 94 64
8 20 80
84 75 56
97 96 54
74 76 22
61 11 97
54 84 77
23 34 79
81 16 88
65 42 19
7 29 86
26 26 94
7 52 70
40 29 7
79 37 2
85 7 21
17 79 13
18 75 8
14 19 22
28 13 37
54 12 86
48 55 54
91 47 20
37 2 41
38 15 17
43 9 84
5 19 45
55 83 24
93 85 66
45 54 78
37 65 24
0 55 55
7 34 65
2 32 95
100 89 79
7 54 41
17 8 18
99 95 91
25 55 35
74 86 67
79 6 30
34 14 7
25 65 34
0 33 60
54 6 54
52 68 11
40 87 59
26 4 85
42 62 90
52 27 39
20 2 14
19 77 72
57 75 37
62 17 79
59 75 48
50 45 96
72 36 27
16 39 79
31 46 91
54 70 59
48 62 3
0 65 91
33 70 76
9 10 84
34 78 66
81 30 41
67 77 35
4 92 13
98 29 77
55 93 15
67 1 56
75 9 23
16 93 89
71 35 27
42 33 8
38 10 22
67 67 62
5 42 25
100 84 31
57 76 70
10 33 21
0 71 40
49 48 55
63 74 95
14 30 25
69 25 52
45 4 63
71 76 48
39 12 84
90 69 64
8 87 8
54 73 68
61 71 58
65 77 89
36 60 91
24 64 84
80 65 25
67 89 59
45 3 87
22 95 30
84 93 54
77 67 94
99 62 71
40 31 94
15 48 19
48 46 58
74 32 16
86 15 32
17 46 54
3 8 88
38 36 53
7 79 5
23 36 86
100 39 9
99 61 22
86 54 55
98 69 74
55 84 13
82 94 57
1 95 53
88 98 52
42 13 34
80 78 67
56 6 32
90 70 34
22 88 73
25 68 86
2 93 86
45 39 23
10 87 38
83 39 80
51 36 99
0 53 42
24 1 68
91 10 23
38 3 52
51 37 95
64 70 73
20 94 40
16 81 32
88 56 9
10 55 4
56 61 7
24 98 37
25 43 2
65 88 97
19 61 77
32 47 87
76 77 73
100 31 11
52 39 2
95 59 36
1 94 5
93 81 97
14 60 30
5 4 81
20 28 98
59 78 24
1 97 39
70 87 37
65 39 45
81 69 83
13 99 9
13 45 52
97 69 86
16 58 42
51 61 95
59 82 94
54 98 4
22 14 70
37 56 98
43 24 79
56 91 37
87 81 48
86 82 81
50 20 90
35 81 8
4 79 33
64 38 29
95 20 58
79 6 20
88 76 98
59 30 95
96 97 9
41 98 74
12 59 63
19 41 36
52 10 20
36 61 83
100 63 3
33 24 78
84 79 48
95 21 59
50 58 100
6 37 12
63 42 23
64 20 30
66 15 25
54 13 86
100 74 54
20 11 46
66 75 25
1 7 59
70 91 100
95 11 94
30 44 90
14 12 58
19 67 40
22 2 57
18 18 95
66 69 9
54 99 95
72 69 8
89 86 90
76 47 70
77 65 16
83 77 98
97 10 91
84 95 42
51 22 21
31 43 35
13 21 19
27 61 19
45 38 11
84 79 77
100 23 20
29 21 13
7 29 92
44 5 97
66 25 14
36 67 58
32 60 75
41 31 52
57 27 68
38 27 52
75 18 15
25 85 66
80 80 99
5 74 9
73 94 45
36 22 35
66 43 12
63 73 6
47 8 15
4 99 54
95 24 55
87 28 17
43 86 20
21 1 14
90 77 46
75 97 39
23 76 96
41 85 26
53 85 73
98 80 87
37 33 18
93 61 47
15 72 4
67 12 75
68 88 23
93 8 68
30 5 25
84 70 75
0 32 79
4 90 64
35 87 31
4 47 5
88 93 40
6 57 10
57 87 8
1 90 31
55 65 61
7 33 36
57 41 42
52 44 12
98 6 75
58 36 22
100 76 79
85 71 33
21 53 4
76 85 40
84 30 23
22 45 39
99 99 99
55 37 9
83 41 63
6 97 77
60 2 68
13 69 20
93 73 82
42 8 52
28 37 95
77 83 32
57 76 73
75 28 25
4 80 61
77 88 1
35 43 32
58 90 100
91 54 60
79 91 11
100 91 18
76 58 19
54 36 40
100 28 10
24 57 9
99 8 47
100 45 18
32 46 61
95 53 33
28 9 52
84 79 64
21 84 62
98 96 13
66 89 30
12 8 16
19 38 41
43 97 35
46 69 58
96 10 58
51 61 55
65 48 46
100 31 47
85 93 63
49 32 95
14 33 90
24 81 77
54 69 77
13 55 55
95 62 96
56 30 6
21 89 97
17 55 29
27 5 38
95 82 27
94 29 22
4 8 40
72 15 93
94 20 21
19 77 96
70 59 36
53 89 74
23 100 5
76 23 47
12 55 55
4 38 5
91 86 32
79 26 26
10 34 82
83 21 71
91 86 25
91 74 34
60 29 94
67 7 97
61 11 61
7 68 97
64 15 25
80 22 42
80 2 41
98 13 29
80 94 17
86 25 64
31 9 97
93 73 87
72 53 57
84 58 8
98 57 37
79 12 10
2 64 93
32 14 83
89 37 94
61 9 64
8 13 21
32 43 54
88 55 34
51 65 58
76 21 60
51 72 5
62 86 17
30 15 68
56 56 52
79 40 83
1 54 73
12 25 45
96 23 79
24 60 67
89 21 73
90 14 81
53 28 74
63 4 15
10 86 69
64 85 30
6 23 99
23 5 33
19 59 93
32 15 55
22 89 58
46 60 37
34 9 32
73 32 97
1 23 57
64 96 55
67 58 20
83 53 23
57 58 89
56 1 93
61 12 61
39 68 98
26 57 61
61 95 87
97 61 94
48 77 79
1 87 71
90 24 63
8 47 90
99 77 4
98 39 27
42 12 84
24 66 29
82 79 96
87 47 83
1 81 66
37 59 59
31 3 8
5 34 58
16 11 38
57 10 21
49 35 2
31 9 91
31 80 31
28 46 55
15 28 37
53 6 61
34 72 75
13 35 36
37 62 67
37 54 52
82 47 46
28 44 77
94 29 61
81 38 96
49 60 88
34 21 80
95 22 15
1 73 59
91 35 47
66 96 69
9 3 8
85 73 70
3 83 27
45 61 96
35 73 75
55 71 19
51 34 61
11 32 65
35 62 33
79 74 13
74 83 52
98 100 65
18 56 55
98 38 32
30 64 56
8 90 85
75 12 4
88 58 41
5 36 8
4 57 29
58 20 22
77 46 25
2 86 38
60 81 24
84 32 46
